57.15 57.15 8.89 9.73668 10.5834 11.43 12.7001 13.9701 15.2401 16.5101
17.7801 19.0502 20.3202 21.5902 22.578 23.5658 24.5536 25.5414 26.5292
27.517 28.5047 29.4925 30.4803 31.4328 32.3854 33.3379 34.2904 35.2429
36.1954 37.1479 38.1004 39.053 40.0055 40.958 41.9105 42.6725 43.4345
44.1965 44.9585 45.7206 46.4826 47.2446 48.0066 48.7686 49.5306 50.2926
51.0546 51.8167 52.5787 53.3407 54.0462 54.7518 55.4574 56.1629 56.8685
57.5741 58.2796 58.9852 59.6908 60.4528 61.2148 61.9768 62.7388 63.5009
64.2629 65.0249 65.7869 66.5489 67.3109 68.3692 69.4276 70.4859 71.5443
72.6026 73.661 74.5681 75.4753 76.3825 77.2896 78.1968 79.1039 80.0111
81.2811 82.5511 83.8212 85.0912 86.0437 86.9962 87.9487 88.9012 90.1712
91.4413 92.7113 93.9813 95.2513 95.8863 96.5213 97.7914 99.0614 100.331
101.601 102.236 102.871 104.141 104.776 105.411 106.258 107.105 107.952
109.222 110.492 111.127 111.762 112.608 113.455 114.302 115.572 116.842
118.112 119.382 120.652 121.922 123.192 124.462 125.732 128.272 129.542
;
