87.63 101.6 101.6 20.32 26.6701 29.2101 31.7502 66.04 68.5801 71.1201
73.6602 76.2002 77.2585 78.3169 79.3752 80.4336 81.4919 82.5503 83.3123
84.0743 84.8363 85.5983 86.3603 86.5418 86.7232 86.9046 87.0861 87.2675
87.4489 87.6304 87.6304 87.6304 87.6304 87.6304 87.6304 87.6304 87.6304
86.3604 85.0903 83.8203 82.5503 16.5093 14.6042 12.6992 10.7942 8.88916
8.04248 7.1958 6.34912 6.09512 5.84111 5.58711 5.33311 5.0791 5.0791
5.0791 5.0791 5.0791 5.0791 5.0791 5.0791 5.0791 5.0791 68.5801 73.6602
73.6602 73.6602 73.6602 73.6602 73.6602 73.6602 73.6602 73.6602 73.6602
73.6602 73.6602 73.6602 73.6601 73.9142 74.1682 74.4222 74.6762 74.9302
75.3535 75.7769 76.2002 76.6235 77.0469 77.4702 77.4702 77.4702 77.4702
77.4702 77.4702 77.4702 76.8352 22.8594 21.5894 21.5894 21.5894 21.3354
21.0813 20.8273 20.5733 20.3193 20.3193 20.3193 20.3193 20.3193 20.3193
20.3193 20.3193 20.3193 20.3193 20.3193 20.3193 20.3193 20.6368 20.9543
21.2719 21.5894 23.1769 24.7644 26.3519 27.9395 33.0195 52.0698;
