86.3594 119.38 119.38 118.364 117.348 116.332 115.316 114.3 113.506
112.712 111.919 111.125 110.331 109.537 108.744 107.95 107.103 106.256
105.41 104.563 103.716 102.87 102.023 101.176 100.33 99.4226 98.5154
97.6082 96.7011 95.7939 94.8868 93.9796 93.0725 92.1653 91.2581 90.351
89.4438 88.5367 87.6295 86.5712 85.5128 84.4545 83.3961 82.3378 81.2794
80.0094 78.7394 77.4694 76.1993 74.506 72.8126 71.1193 69.5317 67.9442
66.3567 64.7692 63.4991 62.2291 60.9591 59.6891 58.4191 57.403 56.387
55.371 54.355 53.339 52.4923 51.6456 50.7989 49.8464 48.8939 47.9414
46.9889 46.1422 45.2955 44.4488 43.1788 41.9088 41.0621 40.2154 39.3688
38.7338 38.0987 37.2521 36.4054 35.5587 33.0187 30.4786 29.2086 27.9386
26.6686 25.3986 24.1285 22.8585 21.5885 20.3185 19.0485 17.7784 17.1434
16.5084 15.2384 15.2384 15.2384 15.2384 15.2384 15.2384 13.9684 13.9684
12.6984 12.6984 11.4283 11.4283 11.4283 10.1583 10.1583 10.1583 8.8883
8.8883 8.8883 7.61828 6.34826 5.07824 3.80822 3.80822 3.80822 71.1192
71.1192;
