87.63 101.6 101.6 101.6 101.6 101.6 101.6 101.6 101.6 101.6 101.6 101.6
101.6 101.6 101.6 101.6 101.6 101.6 101.6 101.6 101.6 101.6 101.6 101.6
101.6 101.6 101.6 101.6 101.6 101.6 101.6 101.6 101.6 101.6 101.6 101.6
101.6 101.6 101.6 101.6 101.6 101.6 101.6 101.6 101.6 101.6 101.6 101.6
101.6 101.6 101.6 101.781 101.963 102.144 102.326 102.507 102.689 102.87
103.051 103.233 103.414 103.596 103.777 103.959 104.14 104.14 104.14
104.14 104.14 104.458 104.775 105.093 105.41 105.41 105.41 105.41 105.41
105.41 105.41 105.41 105.41 105.41 105.41 105.41 105.41 105.41 105.41
105.41 105.41 105.41 105.41 105.41 105.41 105.41 105.41 105.41 105.41
105.41 105.41 105.41 105.41 105.41 105.41 105.41 105.41 105.41 105.41
105.41 105.41 105.41 105.41 105.41 105.41 105.41 105.41 105.41 105.41
105.41 105.41 105.41 105.41 105.41 105.41 105.41 105.41 105.41 105.41
;
