44.45 44.45 44.45 13.97 16.51 17.78 19.0499 22.8599 24.5532 26.2465
27.9399 29.8448 31.7498 33.6548 35.5598 38.0998 40.6398 42.5447 44.4497
46.3547 48.2597 50.7997 53.3396 55.8796 58.4196 60.9596 63.4996 66.0395
69.0028 71.9661 74.9295 77.4694 80.0094 82.5494 84.2427 85.936 87.6293
89.5343 91.4393 92.7093 93.9793 96.5193 97.7893 99.0592 99.6942 100.329
101.599 101.599 101.599 2.54008 1.2701 3.17508 5.08006 9.39803 13.716
18.034 22.3519 26.6699 30.9032 35.1365 39.3698 43.6031 47.8364 52.0697
55.668 59.2663 62.8646 66.4629 70.0612 73.6595 76.7074 79.7554 82.8034
85.8514 88.8993 94.6143 100.329 101.599 99.0592 96.5193 90.1693 83.8194
77.4694 68.5795 59.6896 53.3396 46.9897 36.8298 33.0198 31.7498 41.9097
48.2597 54.6096 67.3095 74.9295 57.1496 25.3999 25.3999 25.3999 30.117
34.8341 39.5512 44.2683 48.9854 53.7025 58.4196 62.6529 66.8862 71.1195
75.3528 79.5861 83.8194 88.2643 92.7093 97.1543 101.599 106.044 110.489
74.9295 73.6595 74.9295 79.1628 83.396 87.6294 91.016 94.4026 111.759
;
