57.15 57.15 8.89 41.9104 59.6907 70.4858 81.281 90.1712 101.601 101.601
100.966 100.331 98.2993 96.2672 94.2352 92.2032 90.1712 87.4194 84.6677
81.916 79.1643 76.4126 73.6609 70.9394 68.218 65.4965 62.775 60.0535
57.3321 54.6106 52.0706 49.5305 46.9905 44.4504 41.9104 38.8624 35.8143
32.7663 29.7182 26.6702 22.8601 19.0501 17.3567 15.6633 13.97 12.7
11.4299 11.4299 11.4299 11.4299 14.605 17.78 20.9551 24.1301 33.6553
43.1804 49.9539 56.7273 63.5007 68.5808 81.281 83.8211 85.0911 85.0911
83.186 81.281 77.979 74.6769 71.3749 68.0728 64.7708 59.0557 53.3406
47.6255 41.9104 33.6553 25.4002 20.9551 16.51 12.0649 7.61988 3.17481
-1.27026 -6.35033 21.5901 81.281 81.281 80.4343 79.5877 78.741 74.9309
71.1209 68.5808 66.0408 63.5007 60.9607 58.4207 54.1873 49.9539 45.7205
43.8154 41.9104 40.0054 38.1003 35.5603 33.0203 31.7503 32.3853 33.0203
50.8005 61.5957 72.3909 80.011 87.6311 97.1563 106.681 114.302 123.192
100.331 83.8211 66.0408 87.6311 93.9812 93.9812 93.9812 90.1712 129.542
;
