-0.425002 -0.379169 -0.333336 -0.287504 -0.241671 -0.195838 -0.150006
-0.104173 -0.0583404 -0.0125078 0.0333248 0.0791575 0.12499 0.167297
0.209604 0.251911 0.294218 0.336525 0.378832 0.42114 0.463447 0.505754
0.548061 0.590368 0.632675 0.674982 0.719981 0.76498 0.80998 0.854979
0.899978 0.937478 0.974977 -0.525 -0.450001 -0.375002 -0.304549 -0.234095
-0.163642 -0.0931884 -0.0227349 0.0477186 0.118172 0.188626 0.259079
0.329532 0.399986 0.449985 0.499984 0.549984 -0.749997 -0.55 -0.481251
-0.412502 -0.343753 -0.275004 -0.230004 -0.185005 -0.140006 -0.599999
-0.475001 -0.175005 -0.0750068 0.0249916 0.0999905 0.174989 1.12497
;
