-0.749997 -0.724997 -0.724997 0.375 0.325001 0.275002 0.225003 0.162504
-0.65 0.068755 0.0375055 0.00625598 -0.0249935 -0.0649929 -0.104992
-0.144992 -0.184991 -0.22499 -0.27499 -0.324989 -0.362488 -0.399988
-0.449987 -0.499986 -0.524986 -0.549986 -0.574985 -0.599985 -0.616651
-0.633318 -0.649984 -0.658317 -0.66665 -0.875 -0.699983 -0.708316 -0.71665
-0.724983 -0.724983 -0.724983 0.725 -0.724983 -0.724983 -0.724983 -0.724983
-0.724983 -0.724983 -0.724983 -0.724983 -0.724983 -0.724983 -0.724983
-0.712483 -0.699983 -0.674984 -0.775 -0.624984 -0.599985 -0.574985
-0.549986 -0.508319 -0.466653 -0.424987 -0.374988 -0.324989 -0.26249
0.275002;
