0.075003 -0.725 -0.474999 -0.274998 -0.149997 -0.024997 0.112504 0.250004
0.412505 0.575005 0.925007 0.0250032 -0.349998 -0.487499 -0.624999
-0.75 -0.75 -0.624999 -0.474999 -0.366665 -0.258331 -0.149997 0.0500033
0.16667 0.283338 0.400005 0.550005 0.675006 0.525005 0.0750034 -0.349998
-0.274998 -0.224998 -0.524999 -0.474999 -0.374998 -0.199998 -0.124997
-0.024997 -0.024997 -0.249998 -0.474999 -0.374998 -0.287498 -0.199998
-0.0874972 0.0250032 0.100003 0.275004 0.325004 -0.574999 -0.499999
-0.424999 -0.199998 -0.0999973 -0.950001 -0.8375 -0.725 -0.649999 -0.499999
-0.725 -0.633333 -0.541666 -0.449999 -0.324998 -0.199998 -0.0999973
;
