87.63 101.6 101.6 20.32 26.6701 29.2101 31.7502 34.2902 36.8303 39.3703
41.9103 44.9584 48.0064 51.0545 54.1025 57.1506 59.6906 62.2306 64.7707
67.3107 69.8508 72.3908 74.0842 75.7775 77.4709 80.0109 80.0109 80.0109
76.2009 72.3908 68.5807 64.7707 60.9606 57.1506 53.3405 49.848 46.3554
42.8628 39.3703 34.2902 29.2101 27.0934 24.9767 21.59 21.59 21.59 26.1258
30.6616 35.1974 39.7332 44.2689 48.8047 53.3405 57.1506 60.9606 64.7707
68.5807 72.3908 76.2009 80.0109 83.5035 86.996 90.4886 93.9811 97.3679
100.755 104.141 106.681 31.7502 17.78 11.4299 12.6999 13.9699 15.2399
16.5099 17.78 19.05 20.32 21.59 22.86 24.13 26.5854 29.0408 31.4962
33.9515 36.4069 38.8623 41.3176 43.773 46.2284 48.6838 51.1391 53.5945
56.0499 58.5053 60.9606 63.1832 65.4057 67.6282 69.8508 71.9675 74.0842
76.2009 62.2306 62.2307 62.3461 62.4616 62.577 62.6925 62.8079 62.9234
63.0388 63.1543 63.2698 63.3852 63.5007 64.2264 64.9521 65.6778 66.4036
67.1293 67.855 68.5807 69.2158 69.8508 70.4858 39.3703;
