41.9099 13.97 13.97 15.24 15.875 16.51 52.0698 53.3398 51.4348 49.5299
46.6724 43.8149 40.9574 38.1 35.8775 33.655 31.4325 29.21 26.6701 24.1301
21.5901 19.6851 17.7801 15.8751 13.9702 14.6052 15.2402 22.8601 30.48
38.1 45.7199 53.3398 60.9598 73.0247 83.8196 81.2796 78.7396 72.3897
66.0397 59.6898 55.8798 52.0698 57.1498 62.2297 67.3097 72.3897 80.0096
63.4997 55.2448 46.9899 38.7349 30.48 22.8601 15.2402 15.2402 19.2618
23.2834 27.305 31.3267 35.3483 39.3699 43.6879 48.0059 52.3238 56.6418
60.9598 66.0397 63.9231 61.8064 59.6898 55.2448 50.7998 46.6724 42.5449
38.4174 34.29 31.75 29.21 29.845 30.48 31.115 31.75 33.2317 34.7133
36.195 37.6766 39.1583 40.6399 42.5449 44.4499 45.7199 46.9899 48.2599
48.8949 20.3201 22.0981 23.8761 25.6541 27.432 29.21 32.1733 35.1367
38.1 41.0633 44.0266 46.9899 49.9532 52.9165 55.8798 58.1023 60.3248
62.5472 64.7697 68.5797 70.4847 53.3398 45.7199 44.4499 44.4499 44.4499
43.1799 42.5449 41.9099 40.6399 38.1 38.1 36.83;
